{
 "cells": [
  {
   "cell_type": "code",
   "execution_count": 27,
   "id": "57fa5bc2",
   "metadata": {
    "scrolled": false
   },
   "outputs": [
    {
     "name": "stdout",
     "output_type": "stream",
     "text": [
      "Aggregate\n"
     ]
    },
    {
     "name": "stderr",
     "output_type": "stream",
     "text": [
      "/tmp/ipykernel_3279303/2005302681.py:6: SettingWithCopyWarning: \n",
      "A value is trying to be set on a copy of a slice from a DataFrame.\n",
      "Try using .loc[row_indexer,col_indexer] = value instead\n",
      "\n",
      "See the caveats in the documentation: https://pandas.pydata.org/pandas-docs/stable/user_guide/indexing.html#returning-a-view-versus-a-copy\n",
      "  tmp[\"Mul01\"] = tmp[\"Features_0\"] * tmp[\"Features_1\"]\n",
      "/tmp/ipykernel_3279303/2005302681.py:7: SettingWithCopyWarning: \n",
      "A value is trying to be set on a copy of a slice from a DataFrame.\n",
      "Try using .loc[row_indexer,col_indexer] = value instead\n",
      "\n",
      "See the caveats in the documentation: https://pandas.pydata.org/pandas-docs/stable/user_guide/indexing.html#returning-a-view-versus-a-copy\n",
      "  tmp[\"Mul02\"] = tmp[\"Features_0\"] * tmp[\"Features_2\"]\n",
      "/tmp/ipykernel_3279303/2005302681.py:8: SettingWithCopyWarning: \n",
      "A value is trying to be set on a copy of a slice from a DataFrame.\n",
      "Try using .loc[row_indexer,col_indexer] = value instead\n",
      "\n",
      "See the caveats in the documentation: https://pandas.pydata.org/pandas-docs/stable/user_guide/indexing.html#returning-a-view-versus-a-copy\n",
      "  tmp[\"Mul12\"] = tmp[\"Features_1\"] * tmp[\"Features_2\"]\n",
      "/tmp/ipykernel_3279303/2005302681.py:9: SettingWithCopyWarning: \n",
      "A value is trying to be set on a copy of a slice from a DataFrame.\n",
      "Try using .loc[row_indexer,col_indexer] = value instead\n",
      "\n",
      "See the caveats in the documentation: https://pandas.pydata.org/pandas-docs/stable/user_guide/indexing.html#returning-a-view-versus-a-copy\n",
      "  tmp[\"Mul012\"] = tmp[\"Features_0\"] * tmp[\"Features_1\"] * tmp[\"Features_2\"]\n"
     ]
    },
    {
     "data": {
      "text/plain": [
       "(1509, 9)"
      ]
     },
     "metadata": {},
     "output_type": "display_data"
    },
    {
     "data": {
      "text/html": [
       "<div>\n",
       "<style scoped>\n",
       "    .dataframe tbody tr th:only-of-type {\n",
       "        vertical-align: middle;\n",
       "    }\n",
       "\n",
       "    .dataframe tbody tr th {\n",
       "        vertical-align: top;\n",
       "    }\n",
       "\n",
       "    .dataframe thead th {\n",
       "        text-align: right;\n",
       "    }\n",
       "</style>\n",
       "<table border=\"1\" class=\"dataframe\">\n",
       "  <thead>\n",
       "    <tr style=\"text-align: right;\">\n",
       "      <th></th>\n",
       "      <th>Features_0</th>\n",
       "      <th>Features_1</th>\n",
       "      <th>Features_2</th>\n",
       "      <th>Actual Total Time (us)</th>\n",
       "      <th>Mul01</th>\n",
       "      <th>Mul02</th>\n",
       "      <th>Mul12</th>\n",
       "      <th>Mul012</th>\n",
       "    </tr>\n",
       "  </thead>\n",
       "  <tbody>\n",
       "    <tr>\n",
       "      <th>Features_0</th>\n",
       "      <td>1.000000</td>\n",
       "      <td>-0.164717</td>\n",
       "      <td>-0.202981</td>\n",
       "      <td>-0.116901</td>\n",
       "      <td>-0.219857</td>\n",
       "      <td>0.449242</td>\n",
       "      <td>-0.240542</td>\n",
       "      <td>-0.201813</td>\n",
       "    </tr>\n",
       "    <tr>\n",
       "      <th>Features_1</th>\n",
       "      <td>-0.164717</td>\n",
       "      <td>1.000000</td>\n",
       "      <td>-0.059428</td>\n",
       "      <td>-0.000824</td>\n",
       "      <td>0.547331</td>\n",
       "      <td>-0.099431</td>\n",
       "      <td>0.865644</td>\n",
       "      <td>0.376497</td>\n",
       "    </tr>\n",
       "    <tr>\n",
       "      <th>Features_2</th>\n",
       "      <td>-0.202981</td>\n",
       "      <td>-0.059428</td>\n",
       "      <td>1.000000</td>\n",
       "      <td>0.202456</td>\n",
       "      <td>-0.033266</td>\n",
       "      <td>0.609020</td>\n",
       "      <td>-0.046020</td>\n",
       "      <td>-0.000051</td>\n",
       "    </tr>\n",
       "    <tr>\n",
       "      <th>Actual Total Time (us)</th>\n",
       "      <td>-0.116901</td>\n",
       "      <td>-0.000824</td>\n",
       "      <td>0.202456</td>\n",
       "      <td>1.000000</td>\n",
       "      <td>0.066841</td>\n",
       "      <td>0.016464</td>\n",
       "      <td>0.041869</td>\n",
       "      <td>0.076540</td>\n",
       "    </tr>\n",
       "    <tr>\n",
       "      <th>Mul01</th>\n",
       "      <td>-0.219857</td>\n",
       "      <td>0.547331</td>\n",
       "      <td>-0.033266</td>\n",
       "      <td>0.066841</td>\n",
       "      <td>1.000000</td>\n",
       "      <td>-0.111396</td>\n",
       "      <td>0.884441</td>\n",
       "      <td>0.974610</td>\n",
       "    </tr>\n",
       "    <tr>\n",
       "      <th>Mul02</th>\n",
       "      <td>0.449242</td>\n",
       "      <td>-0.099431</td>\n",
       "      <td>0.609020</td>\n",
       "      <td>0.016464</td>\n",
       "      <td>-0.111396</td>\n",
       "      <td>1.000000</td>\n",
       "      <td>-0.132409</td>\n",
       "      <td>-0.071392</td>\n",
       "    </tr>\n",
       "    <tr>\n",
       "      <th>Mul12</th>\n",
       "      <td>-0.240542</td>\n",
       "      <td>0.865644</td>\n",
       "      <td>-0.046020</td>\n",
       "      <td>0.041869</td>\n",
       "      <td>0.884441</td>\n",
       "      <td>-0.132409</td>\n",
       "      <td>1.000000</td>\n",
       "      <td>0.772392</td>\n",
       "    </tr>\n",
       "    <tr>\n",
       "      <th>Mul012</th>\n",
       "      <td>-0.201813</td>\n",
       "      <td>0.376497</td>\n",
       "      <td>-0.000051</td>\n",
       "      <td>0.076540</td>\n",
       "      <td>0.974610</td>\n",
       "      <td>-0.071392</td>\n",
       "      <td>0.772392</td>\n",
       "      <td>1.000000</td>\n",
       "    </tr>\n",
       "  </tbody>\n",
       "</table>\n",
       "</div>"
      ],
      "text/plain": [
       "                        Features_0  Features_1  Features_2  \\\n",
       "Features_0                1.000000   -0.164717   -0.202981   \n",
       "Features_1               -0.164717    1.000000   -0.059428   \n",
       "Features_2               -0.202981   -0.059428    1.000000   \n",
       "Actual Total Time (us)   -0.116901   -0.000824    0.202456   \n",
       "Mul01                    -0.219857    0.547331   -0.033266   \n",
       "Mul02                     0.449242   -0.099431    0.609020   \n",
       "Mul12                    -0.240542    0.865644   -0.046020   \n",
       "Mul012                   -0.201813    0.376497   -0.000051   \n",
       "\n",
       "                        Actual Total Time (us)     Mul01     Mul02     Mul12  \\\n",
       "Features_0                           -0.116901 -0.219857  0.449242 -0.240542   \n",
       "Features_1                           -0.000824  0.547331 -0.099431  0.865644   \n",
       "Features_2                            0.202456 -0.033266  0.609020 -0.046020   \n",
       "Actual Total Time (us)                1.000000  0.066841  0.016464  0.041869   \n",
       "Mul01                                 0.066841  1.000000 -0.111396  0.884441   \n",
       "Mul02                                 0.016464 -0.111396  1.000000 -0.132409   \n",
       "Mul12                                 0.041869  0.884441 -0.132409  1.000000   \n",
       "Mul012                                0.076540  0.974610 -0.071392  0.772392   \n",
       "\n",
       "                          Mul012  \n",
       "Features_0             -0.201813  \n",
       "Features_1              0.376497  \n",
       "Features_2             -0.000051  \n",
       "Actual Total Time (us)  0.076540  \n",
       "Mul01                   0.974610  \n",
       "Mul02                  -0.071392  \n",
       "Mul12                   0.772392  \n",
       "Mul012                  1.000000  "
      ]
     },
     "metadata": {},
     "output_type": "display_data"
    },
    {
     "name": "stdout",
     "output_type": "stream",
     "text": [
      "Append\n"
     ]
    },
    {
     "data": {
      "text/plain": [
       "(120, 9)"
      ]
     },
     "metadata": {},
     "output_type": "display_data"
    },
    {
     "data": {
      "text/html": [
       "<div>\n",
       "<style scoped>\n",
       "    .dataframe tbody tr th:only-of-type {\n",
       "        vertical-align: middle;\n",
       "    }\n",
       "\n",
       "    .dataframe tbody tr th {\n",
       "        vertical-align: top;\n",
       "    }\n",
       "\n",
       "    .dataframe thead th {\n",
       "        text-align: right;\n",
       "    }\n",
       "</style>\n",
       "<table border=\"1\" class=\"dataframe\">\n",
       "  <thead>\n",
       "    <tr style=\"text-align: right;\">\n",
       "      <th></th>\n",
       "      <th>Features_0</th>\n",
       "      <th>Features_1</th>\n",
       "      <th>Features_2</th>\n",
       "      <th>Actual Total Time (us)</th>\n",
       "      <th>Mul01</th>\n",
       "      <th>Mul02</th>\n",
       "      <th>Mul12</th>\n",
       "      <th>Mul012</th>\n",
       "    </tr>\n",
       "  </thead>\n",
       "  <tbody>\n",
       "    <tr>\n",
       "      <th>Features_0</th>\n",
       "      <td>NaN</td>\n",
       "      <td>NaN</td>\n",
       "      <td>NaN</td>\n",
       "      <td>NaN</td>\n",
       "      <td>NaN</td>\n",
       "      <td>NaN</td>\n",
       "      <td>NaN</td>\n",
       "      <td>NaN</td>\n",
       "    </tr>\n",
       "    <tr>\n",
       "      <th>Features_1</th>\n",
       "      <td>NaN</td>\n",
       "      <td>1.000000</td>\n",
       "      <td>-0.159251</td>\n",
       "      <td>0.581785</td>\n",
       "      <td>1.000000</td>\n",
       "      <td>-0.159251</td>\n",
       "      <td>0.994085</td>\n",
       "      <td>0.994085</td>\n",
       "    </tr>\n",
       "    <tr>\n",
       "      <th>Features_2</th>\n",
       "      <td>NaN</td>\n",
       "      <td>-0.159251</td>\n",
       "      <td>1.000000</td>\n",
       "      <td>0.318856</td>\n",
       "      <td>-0.159251</td>\n",
       "      <td>1.000000</td>\n",
       "      <td>-0.092257</td>\n",
       "      <td>-0.092257</td>\n",
       "    </tr>\n",
       "    <tr>\n",
       "      <th>Actual Total Time (us)</th>\n",
       "      <td>NaN</td>\n",
       "      <td>0.581785</td>\n",
       "      <td>0.318856</td>\n",
       "      <td>1.000000</td>\n",
       "      <td>0.581785</td>\n",
       "      <td>0.318856</td>\n",
       "      <td>0.623958</td>\n",
       "      <td>0.623958</td>\n",
       "    </tr>\n",
       "    <tr>\n",
       "      <th>Mul01</th>\n",
       "      <td>NaN</td>\n",
       "      <td>1.000000</td>\n",
       "      <td>-0.159251</td>\n",
       "      <td>0.581785</td>\n",
       "      <td>1.000000</td>\n",
       "      <td>-0.159251</td>\n",
       "      <td>0.994085</td>\n",
       "      <td>0.994085</td>\n",
       "    </tr>\n",
       "    <tr>\n",
       "      <th>Mul02</th>\n",
       "      <td>NaN</td>\n",
       "      <td>-0.159251</td>\n",
       "      <td>1.000000</td>\n",
       "      <td>0.318856</td>\n",
       "      <td>-0.159251</td>\n",
       "      <td>1.000000</td>\n",
       "      <td>-0.092257</td>\n",
       "      <td>-0.092257</td>\n",
       "    </tr>\n",
       "    <tr>\n",
       "      <th>Mul12</th>\n",
       "      <td>NaN</td>\n",
       "      <td>0.994085</td>\n",
       "      <td>-0.092257</td>\n",
       "      <td>0.623958</td>\n",
       "      <td>0.994085</td>\n",
       "      <td>-0.092257</td>\n",
       "      <td>1.000000</td>\n",
       "      <td>1.000000</td>\n",
       "    </tr>\n",
       "    <tr>\n",
       "      <th>Mul012</th>\n",
       "      <td>NaN</td>\n",
       "      <td>0.994085</td>\n",
       "      <td>-0.092257</td>\n",
       "      <td>0.623958</td>\n",
       "      <td>0.994085</td>\n",
       "      <td>-0.092257</td>\n",
       "      <td>1.000000</td>\n",
       "      <td>1.000000</td>\n",
       "    </tr>\n",
       "  </tbody>\n",
       "</table>\n",
       "</div>"
      ],
      "text/plain": [
       "                        Features_0  Features_1  Features_2  \\\n",
       "Features_0                     NaN         NaN         NaN   \n",
       "Features_1                     NaN    1.000000   -0.159251   \n",
       "Features_2                     NaN   -0.159251    1.000000   \n",
       "Actual Total Time (us)         NaN    0.581785    0.318856   \n",
       "Mul01                          NaN    1.000000   -0.159251   \n",
       "Mul02                          NaN   -0.159251    1.000000   \n",
       "Mul12                          NaN    0.994085   -0.092257   \n",
       "Mul012                         NaN    0.994085   -0.092257   \n",
       "\n",
       "                        Actual Total Time (us)     Mul01     Mul02     Mul12  \\\n",
       "Features_0                                 NaN       NaN       NaN       NaN   \n",
       "Features_1                            0.581785  1.000000 -0.159251  0.994085   \n",
       "Features_2                            0.318856 -0.159251  1.000000 -0.092257   \n",
       "Actual Total Time (us)                1.000000  0.581785  0.318856  0.623958   \n",
       "Mul01                                 0.581785  1.000000 -0.159251  0.994085   \n",
       "Mul02                                 0.318856 -0.159251  1.000000 -0.092257   \n",
       "Mul12                                 0.623958  0.994085 -0.092257  1.000000   \n",
       "Mul012                                0.623958  0.994085 -0.092257  1.000000   \n",
       "\n",
       "                          Mul012  \n",
       "Features_0                   NaN  \n",
       "Features_1              0.994085  \n",
       "Features_2             -0.092257  \n",
       "Actual Total Time (us)  0.623958  \n",
       "Mul01                   0.994085  \n",
       "Mul02                  -0.092257  \n",
       "Mul12                   1.000000  \n",
       "Mul012                  1.000000  "
      ]
     },
     "metadata": {},
     "output_type": "display_data"
    },
    {
     "name": "stdout",
     "output_type": "stream",
     "text": [
      "Bitmap Heap Scan\n"
     ]
    },
    {
     "data": {
      "text/plain": [
       "(14, 9)"
      ]
     },
     "metadata": {},
     "output_type": "display_data"
    },
    {
     "data": {
      "text/html": [
       "<div>\n",
       "<style scoped>\n",
       "    .dataframe tbody tr th:only-of-type {\n",
       "        vertical-align: middle;\n",
       "    }\n",
       "\n",
       "    .dataframe tbody tr th {\n",
       "        vertical-align: top;\n",
       "    }\n",
       "\n",
       "    .dataframe thead th {\n",
       "        text-align: right;\n",
       "    }\n",
       "</style>\n",
       "<table border=\"1\" class=\"dataframe\">\n",
       "  <thead>\n",
       "    <tr style=\"text-align: right;\">\n",
       "      <th></th>\n",
       "      <th>Features_0</th>\n",
       "      <th>Features_1</th>\n",
       "      <th>Features_2</th>\n",
       "      <th>Actual Total Time (us)</th>\n",
       "      <th>Mul01</th>\n",
       "      <th>Mul02</th>\n",
       "      <th>Mul12</th>\n",
       "      <th>Mul012</th>\n",
       "    </tr>\n",
       "  </thead>\n",
       "  <tbody>\n",
       "    <tr>\n",
       "      <th>Features_0</th>\n",
       "      <td>1.000000</td>\n",
       "      <td>-0.568309</td>\n",
       "      <td>-0.605604</td>\n",
       "      <td>-0.484733</td>\n",
       "      <td>-0.533013</td>\n",
       "      <td>-0.599906</td>\n",
       "      <td>-0.562330</td>\n",
       "      <td>-0.562304</td>\n",
       "    </tr>\n",
       "    <tr>\n",
       "      <th>Features_1</th>\n",
       "      <td>-0.568309</td>\n",
       "      <td>1.000000</td>\n",
       "      <td>0.947361</td>\n",
       "      <td>0.870171</td>\n",
       "      <td>0.999067</td>\n",
       "      <td>0.947386</td>\n",
       "      <td>0.999644</td>\n",
       "      <td>0.999643</td>\n",
       "    </tr>\n",
       "    <tr>\n",
       "      <th>Features_2</th>\n",
       "      <td>-0.605604</td>\n",
       "      <td>0.947361</td>\n",
       "      <td>1.000000</td>\n",
       "      <td>0.810773</td>\n",
       "      <td>0.942985</td>\n",
       "      <td>0.999974</td>\n",
       "      <td>0.938521</td>\n",
       "      <td>0.938519</td>\n",
       "    </tr>\n",
       "    <tr>\n",
       "      <th>Actual Total Time (us)</th>\n",
       "      <td>-0.484733</td>\n",
       "      <td>0.870171</td>\n",
       "      <td>0.810773</td>\n",
       "      <td>1.000000</td>\n",
       "      <td>0.869865</td>\n",
       "      <td>0.810809</td>\n",
       "      <td>0.870896</td>\n",
       "      <td>0.870896</td>\n",
       "    </tr>\n",
       "    <tr>\n",
       "      <th>Mul01</th>\n",
       "      <td>-0.533013</td>\n",
       "      <td>0.999067</td>\n",
       "      <td>0.942985</td>\n",
       "      <td>0.869865</td>\n",
       "      <td>1.000000</td>\n",
       "      <td>0.943302</td>\n",
       "      <td>0.999004</td>\n",
       "      <td>0.999005</td>\n",
       "    </tr>\n",
       "    <tr>\n",
       "      <th>Mul02</th>\n",
       "      <td>-0.599906</td>\n",
       "      <td>0.947386</td>\n",
       "      <td>0.999974</td>\n",
       "      <td>0.810809</td>\n",
       "      <td>0.943302</td>\n",
       "      <td>1.000000</td>\n",
       "      <td>0.938552</td>\n",
       "      <td>0.938549</td>\n",
       "    </tr>\n",
       "    <tr>\n",
       "      <th>Mul12</th>\n",
       "      <td>-0.562330</td>\n",
       "      <td>0.999644</td>\n",
       "      <td>0.938521</td>\n",
       "      <td>0.870896</td>\n",
       "      <td>0.999004</td>\n",
       "      <td>0.938552</td>\n",
       "      <td>1.000000</td>\n",
       "      <td>1.000000</td>\n",
       "    </tr>\n",
       "    <tr>\n",
       "      <th>Mul012</th>\n",
       "      <td>-0.562304</td>\n",
       "      <td>0.999643</td>\n",
       "      <td>0.938519</td>\n",
       "      <td>0.870896</td>\n",
       "      <td>0.999005</td>\n",
       "      <td>0.938549</td>\n",
       "      <td>1.000000</td>\n",
       "      <td>1.000000</td>\n",
       "    </tr>\n",
       "  </tbody>\n",
       "</table>\n",
       "</div>"
      ],
      "text/plain": [
       "                        Features_0  Features_1  Features_2  \\\n",
       "Features_0                1.000000   -0.568309   -0.605604   \n",
       "Features_1               -0.568309    1.000000    0.947361   \n",
       "Features_2               -0.605604    0.947361    1.000000   \n",
       "Actual Total Time (us)   -0.484733    0.870171    0.810773   \n",
       "Mul01                    -0.533013    0.999067    0.942985   \n",
       "Mul02                    -0.599906    0.947386    0.999974   \n",
       "Mul12                    -0.562330    0.999644    0.938521   \n",
       "Mul012                   -0.562304    0.999643    0.938519   \n",
       "\n",
       "                        Actual Total Time (us)     Mul01     Mul02     Mul12  \\\n",
       "Features_0                           -0.484733 -0.533013 -0.599906 -0.562330   \n",
       "Features_1                            0.870171  0.999067  0.947386  0.999644   \n",
       "Features_2                            0.810773  0.942985  0.999974  0.938521   \n",
       "Actual Total Time (us)                1.000000  0.869865  0.810809  0.870896   \n",
       "Mul01                                 0.869865  1.000000  0.943302  0.999004   \n",
       "Mul02                                 0.810809  0.943302  1.000000  0.938552   \n",
       "Mul12                                 0.870896  0.999004  0.938552  1.000000   \n",
       "Mul012                                0.870896  0.999005  0.938549  1.000000   \n",
       "\n",
       "                          Mul012  \n",
       "Features_0             -0.562304  \n",
       "Features_1              0.999643  \n",
       "Features_2              0.938519  \n",
       "Actual Total Time (us)  0.870896  \n",
       "Mul01                   0.999005  \n",
       "Mul02                   0.938549  \n",
       "Mul12                   1.000000  \n",
       "Mul012                  1.000000  "
      ]
     },
     "metadata": {},
     "output_type": "display_data"
    },
    {
     "name": "stdout",
     "output_type": "stream",
     "text": [
      "Bitmap Index Scan\n"
     ]
    },
    {
     "data": {
      "text/plain": [
       "(14, 9)"
      ]
     },
     "metadata": {},
     "output_type": "display_data"
    },
    {
     "data": {
      "text/html": [
       "<div>\n",
       "<style scoped>\n",
       "    .dataframe tbody tr th:only-of-type {\n",
       "        vertical-align: middle;\n",
       "    }\n",
       "\n",
       "    .dataframe tbody tr th {\n",
       "        vertical-align: top;\n",
       "    }\n",
       "\n",
       "    .dataframe thead th {\n",
       "        text-align: right;\n",
       "    }\n",
       "</style>\n",
       "<table border=\"1\" class=\"dataframe\">\n",
       "  <thead>\n",
       "    <tr style=\"text-align: right;\">\n",
       "      <th></th>\n",
       "      <th>Features_0</th>\n",
       "      <th>Features_1</th>\n",
       "      <th>Features_2</th>\n",
       "      <th>Actual Total Time (us)</th>\n",
       "      <th>Mul01</th>\n",
       "      <th>Mul02</th>\n",
       "      <th>Mul12</th>\n",
       "      <th>Mul012</th>\n",
       "    </tr>\n",
       "  </thead>\n",
       "  <tbody>\n",
       "    <tr>\n",
       "      <th>Features_0</th>\n",
       "      <td>NaN</td>\n",
       "      <td>NaN</td>\n",
       "      <td>NaN</td>\n",
       "      <td>NaN</td>\n",
       "      <td>NaN</td>\n",
       "      <td>NaN</td>\n",
       "      <td>NaN</td>\n",
       "      <td>NaN</td>\n",
       "    </tr>\n",
       "    <tr>\n",
       "      <th>Features_1</th>\n",
       "      <td>NaN</td>\n",
       "      <td>1.000000</td>\n",
       "      <td>0.999766</td>\n",
       "      <td>0.632191</td>\n",
       "      <td>NaN</td>\n",
       "      <td>NaN</td>\n",
       "      <td>0.962253</td>\n",
       "      <td>NaN</td>\n",
       "    </tr>\n",
       "    <tr>\n",
       "      <th>Features_2</th>\n",
       "      <td>NaN</td>\n",
       "      <td>0.999766</td>\n",
       "      <td>1.000000</td>\n",
       "      <td>0.639078</td>\n",
       "      <td>NaN</td>\n",
       "      <td>NaN</td>\n",
       "      <td>0.956151</td>\n",
       "      <td>NaN</td>\n",
       "    </tr>\n",
       "    <tr>\n",
       "      <th>Actual Total Time (us)</th>\n",
       "      <td>NaN</td>\n",
       "      <td>0.632191</td>\n",
       "      <td>0.639078</td>\n",
       "      <td>1.000000</td>\n",
       "      <td>NaN</td>\n",
       "      <td>NaN</td>\n",
       "      <td>0.520320</td>\n",
       "      <td>NaN</td>\n",
       "    </tr>\n",
       "    <tr>\n",
       "      <th>Mul01</th>\n",
       "      <td>NaN</td>\n",
       "      <td>NaN</td>\n",
       "      <td>NaN</td>\n",
       "      <td>NaN</td>\n",
       "      <td>NaN</td>\n",
       "      <td>NaN</td>\n",
       "      <td>NaN</td>\n",
       "      <td>NaN</td>\n",
       "    </tr>\n",
       "    <tr>\n",
       "      <th>Mul02</th>\n",
       "      <td>NaN</td>\n",
       "      <td>NaN</td>\n",
       "      <td>NaN</td>\n",
       "      <td>NaN</td>\n",
       "      <td>NaN</td>\n",
       "      <td>NaN</td>\n",
       "      <td>NaN</td>\n",
       "      <td>NaN</td>\n",
       "    </tr>\n",
       "    <tr>\n",
       "      <th>Mul12</th>\n",
       "      <td>NaN</td>\n",
       "      <td>0.962253</td>\n",
       "      <td>0.956151</td>\n",
       "      <td>0.520320</td>\n",
       "      <td>NaN</td>\n",
       "      <td>NaN</td>\n",
       "      <td>1.000000</td>\n",
       "      <td>NaN</td>\n",
       "    </tr>\n",
       "    <tr>\n",
       "      <th>Mul012</th>\n",
       "      <td>NaN</td>\n",
       "      <td>NaN</td>\n",
       "      <td>NaN</td>\n",
       "      <td>NaN</td>\n",
       "      <td>NaN</td>\n",
       "      <td>NaN</td>\n",
       "      <td>NaN</td>\n",
       "      <td>NaN</td>\n",
       "    </tr>\n",
       "  </tbody>\n",
       "</table>\n",
       "</div>"
      ],
      "text/plain": [
       "                        Features_0  Features_1  Features_2  \\\n",
       "Features_0                     NaN         NaN         NaN   \n",
       "Features_1                     NaN    1.000000    0.999766   \n",
       "Features_2                     NaN    0.999766    1.000000   \n",
       "Actual Total Time (us)         NaN    0.632191    0.639078   \n",
       "Mul01                          NaN         NaN         NaN   \n",
       "Mul02                          NaN         NaN         NaN   \n",
       "Mul12                          NaN    0.962253    0.956151   \n",
       "Mul012                         NaN         NaN         NaN   \n",
       "\n",
       "                        Actual Total Time (us)  Mul01  Mul02     Mul12  Mul012  \n",
       "Features_0                                 NaN    NaN    NaN       NaN     NaN  \n",
       "Features_1                            0.632191    NaN    NaN  0.962253     NaN  \n",
       "Features_2                            0.639078    NaN    NaN  0.956151     NaN  \n",
       "Actual Total Time (us)                1.000000    NaN    NaN  0.520320     NaN  \n",
       "Mul01                                      NaN    NaN    NaN       NaN     NaN  \n",
       "Mul02                                      NaN    NaN    NaN       NaN     NaN  \n",
       "Mul12                                 0.520320    NaN    NaN  1.000000     NaN  \n",
       "Mul012                                     NaN    NaN    NaN       NaN     NaN  "
      ]
     },
     "metadata": {},
     "output_type": "display_data"
    },
    {
     "name": "stdout",
     "output_type": "stream",
     "text": [
      "Gather\n"
     ]
    },
    {
     "data": {
      "text/plain": [
       "(801, 9)"
      ]
     },
     "metadata": {},
     "output_type": "display_data"
    },
    {
     "data": {
      "text/html": [
       "<div>\n",
       "<style scoped>\n",
       "    .dataframe tbody tr th:only-of-type {\n",
       "        vertical-align: middle;\n",
       "    }\n",
       "\n",
       "    .dataframe tbody tr th {\n",
       "        vertical-align: top;\n",
       "    }\n",
       "\n",
       "    .dataframe thead th {\n",
       "        text-align: right;\n",
       "    }\n",
       "</style>\n",
       "<table border=\"1\" class=\"dataframe\">\n",
       "  <thead>\n",
       "    <tr style=\"text-align: right;\">\n",
       "      <th></th>\n",
       "      <th>Features_0</th>\n",
       "      <th>Features_1</th>\n",
       "      <th>Features_2</th>\n",
       "      <th>Actual Total Time (us)</th>\n",
       "      <th>Mul01</th>\n",
       "      <th>Mul02</th>\n",
       "      <th>Mul12</th>\n",
       "      <th>Mul012</th>\n",
       "    </tr>\n",
       "  </thead>\n",
       "  <tbody>\n",
       "    <tr>\n",
       "      <th>Features_0</th>\n",
       "      <td>1.000000</td>\n",
       "      <td>-0.142323</td>\n",
       "      <td>0.316199</td>\n",
       "      <td>-0.011556</td>\n",
       "      <td>-0.135634</td>\n",
       "      <td>0.817447</td>\n",
       "      <td>-0.147809</td>\n",
       "      <td>-0.087518</td>\n",
       "    </tr>\n",
       "    <tr>\n",
       "      <th>Features_1</th>\n",
       "      <td>-0.142323</td>\n",
       "      <td>1.000000</td>\n",
       "      <td>-0.095677</td>\n",
       "      <td>-0.048764</td>\n",
       "      <td>0.985520</td>\n",
       "      <td>-0.091578</td>\n",
       "      <td>0.988565</td>\n",
       "      <td>0.797674</td>\n",
       "    </tr>\n",
       "    <tr>\n",
       "      <th>Features_2</th>\n",
       "      <td>0.316199</td>\n",
       "      <td>-0.095677</td>\n",
       "      <td>1.000000</td>\n",
       "      <td>0.410818</td>\n",
       "      <td>-0.072010</td>\n",
       "      <td>0.709386</td>\n",
       "      <td>-0.073053</td>\n",
       "      <td>0.056039</td>\n",
       "    </tr>\n",
       "    <tr>\n",
       "      <th>Actual Total Time (us)</th>\n",
       "      <td>-0.011556</td>\n",
       "      <td>-0.048764</td>\n",
       "      <td>0.410818</td>\n",
       "      <td>1.000000</td>\n",
       "      <td>-0.061075</td>\n",
       "      <td>0.136969</td>\n",
       "      <td>-0.051267</td>\n",
       "      <td>-0.066202</td>\n",
       "    </tr>\n",
       "    <tr>\n",
       "      <th>Mul01</th>\n",
       "      <td>-0.135634</td>\n",
       "      <td>0.985520</td>\n",
       "      <td>-0.072010</td>\n",
       "      <td>-0.061075</td>\n",
       "      <td>1.000000</td>\n",
       "      <td>-0.079116</td>\n",
       "      <td>0.992324</td>\n",
       "      <td>0.885649</td>\n",
       "    </tr>\n",
       "    <tr>\n",
       "      <th>Mul02</th>\n",
       "      <td>0.817447</td>\n",
       "      <td>-0.091578</td>\n",
       "      <td>0.709386</td>\n",
       "      <td>0.136969</td>\n",
       "      <td>-0.079116</td>\n",
       "      <td>1.000000</td>\n",
       "      <td>-0.090580</td>\n",
       "      <td>0.007446</td>\n",
       "    </tr>\n",
       "    <tr>\n",
       "      <th>Mul12</th>\n",
       "      <td>-0.147809</td>\n",
       "      <td>0.988565</td>\n",
       "      <td>-0.073053</td>\n",
       "      <td>-0.051267</td>\n",
       "      <td>0.992324</td>\n",
       "      <td>-0.090580</td>\n",
       "      <td>1.000000</td>\n",
       "      <td>0.862290</td>\n",
       "    </tr>\n",
       "    <tr>\n",
       "      <th>Mul012</th>\n",
       "      <td>-0.087518</td>\n",
       "      <td>0.797674</td>\n",
       "      <td>0.056039</td>\n",
       "      <td>-0.066202</td>\n",
       "      <td>0.885649</td>\n",
       "      <td>0.007446</td>\n",
       "      <td>0.862290</td>\n",
       "      <td>1.000000</td>\n",
       "    </tr>\n",
       "  </tbody>\n",
       "</table>\n",
       "</div>"
      ],
      "text/plain": [
       "                        Features_0  Features_1  Features_2  \\\n",
       "Features_0                1.000000   -0.142323    0.316199   \n",
       "Features_1               -0.142323    1.000000   -0.095677   \n",
       "Features_2                0.316199   -0.095677    1.000000   \n",
       "Actual Total Time (us)   -0.011556   -0.048764    0.410818   \n",
       "Mul01                    -0.135634    0.985520   -0.072010   \n",
       "Mul02                     0.817447   -0.091578    0.709386   \n",
       "Mul12                    -0.147809    0.988565   -0.073053   \n",
       "Mul012                   -0.087518    0.797674    0.056039   \n",
       "\n",
       "                        Actual Total Time (us)     Mul01     Mul02     Mul12  \\\n",
       "Features_0                           -0.011556 -0.135634  0.817447 -0.147809   \n",
       "Features_1                           -0.048764  0.985520 -0.091578  0.988565   \n",
       "Features_2                            0.410818 -0.072010  0.709386 -0.073053   \n",
       "Actual Total Time (us)                1.000000 -0.061075  0.136969 -0.051267   \n",
       "Mul01                                -0.061075  1.000000 -0.079116  0.992324   \n",
       "Mul02                                 0.136969 -0.079116  1.000000 -0.090580   \n",
       "Mul12                                -0.051267  0.992324 -0.090580  1.000000   \n",
       "Mul012                               -0.066202  0.885649  0.007446  0.862290   \n",
       "\n",
       "                          Mul012  \n",
       "Features_0             -0.087518  \n",
       "Features_1              0.797674  \n",
       "Features_2              0.056039  \n",
       "Actual Total Time (us) -0.066202  \n",
       "Mul01                   0.885649  \n",
       "Mul02                   0.007446  \n",
       "Mul12                   0.862290  \n",
       "Mul012                  1.000000  "
      ]
     },
     "metadata": {},
     "output_type": "display_data"
    },
    {
     "name": "stdout",
     "output_type": "stream",
     "text": [
      "Gather Merge\n"
     ]
    },
    {
     "data": {
      "text/plain": [
       "(429, 9)"
      ]
     },
     "metadata": {},
     "output_type": "display_data"
    },
    {
     "data": {
      "text/html": [
       "<div>\n",
       "<style scoped>\n",
       "    .dataframe tbody tr th:only-of-type {\n",
       "        vertical-align: middle;\n",
       "    }\n",
       "\n",
       "    .dataframe tbody tr th {\n",
       "        vertical-align: top;\n",
       "    }\n",
       "\n",
       "    .dataframe thead th {\n",
       "        text-align: right;\n",
       "    }\n",
       "</style>\n",
       "<table border=\"1\" class=\"dataframe\">\n",
       "  <thead>\n",
       "    <tr style=\"text-align: right;\">\n",
       "      <th></th>\n",
       "      <th>Features_0</th>\n",
       "      <th>Features_1</th>\n",
       "      <th>Features_2</th>\n",
       "      <th>Actual Total Time (us)</th>\n",
       "      <th>Mul01</th>\n",
       "      <th>Mul02</th>\n",
       "      <th>Mul12</th>\n",
       "      <th>Mul012</th>\n",
       "    </tr>\n",
       "  </thead>\n",
       "  <tbody>\n",
       "    <tr>\n",
       "      <th>Features_0</th>\n",
       "      <td>1.000000</td>\n",
       "      <td>-0.362530</td>\n",
       "      <td>-0.303689</td>\n",
       "      <td>-0.199813</td>\n",
       "      <td>-0.296083</td>\n",
       "      <td>0.531049</td>\n",
       "      <td>-0.257402</td>\n",
       "      <td>-0.209052</td>\n",
       "    </tr>\n",
       "    <tr>\n",
       "      <th>Features_1</th>\n",
       "      <td>-0.362530</td>\n",
       "      <td>1.000000</td>\n",
       "      <td>0.276505</td>\n",
       "      <td>0.320106</td>\n",
       "      <td>0.986582</td>\n",
       "      <td>-0.072157</td>\n",
       "      <td>0.932210</td>\n",
       "      <td>0.911500</td>\n",
       "    </tr>\n",
       "    <tr>\n",
       "      <th>Features_2</th>\n",
       "      <td>-0.303689</td>\n",
       "      <td>0.276505</td>\n",
       "      <td>1.000000</td>\n",
       "      <td>0.436484</td>\n",
       "      <td>0.299380</td>\n",
       "      <td>0.569509</td>\n",
       "      <td>0.409370</td>\n",
       "      <td>0.424928</td>\n",
       "    </tr>\n",
       "    <tr>\n",
       "      <th>Actual Total Time (us)</th>\n",
       "      <td>-0.199813</td>\n",
       "      <td>0.320106</td>\n",
       "      <td>0.436484</td>\n",
       "      <td>1.000000</td>\n",
       "      <td>0.269909</td>\n",
       "      <td>0.206183</td>\n",
       "      <td>0.331408</td>\n",
       "      <td>0.298988</td>\n",
       "    </tr>\n",
       "    <tr>\n",
       "      <th>Mul01</th>\n",
       "      <td>-0.296083</td>\n",
       "      <td>0.986582</td>\n",
       "      <td>0.299380</td>\n",
       "      <td>0.269909</td>\n",
       "      <td>1.000000</td>\n",
       "      <td>0.004598</td>\n",
       "      <td>0.943185</td>\n",
       "      <td>0.940496</td>\n",
       "    </tr>\n",
       "    <tr>\n",
       "      <th>Mul02</th>\n",
       "      <td>0.531049</td>\n",
       "      <td>-0.072157</td>\n",
       "      <td>0.569509</td>\n",
       "      <td>0.206183</td>\n",
       "      <td>0.004598</td>\n",
       "      <td>1.000000</td>\n",
       "      <td>0.072854</td>\n",
       "      <td>0.133843</td>\n",
       "    </tr>\n",
       "    <tr>\n",
       "      <th>Mul12</th>\n",
       "      <td>-0.257402</td>\n",
       "      <td>0.932210</td>\n",
       "      <td>0.409370</td>\n",
       "      <td>0.331408</td>\n",
       "      <td>0.943185</td>\n",
       "      <td>0.072854</td>\n",
       "      <td>1.000000</td>\n",
       "      <td>0.993217</td>\n",
       "    </tr>\n",
       "    <tr>\n",
       "      <th>Mul012</th>\n",
       "      <td>-0.209052</td>\n",
       "      <td>0.911500</td>\n",
       "      <td>0.424928</td>\n",
       "      <td>0.298988</td>\n",
       "      <td>0.940496</td>\n",
       "      <td>0.133843</td>\n",
       "      <td>0.993217</td>\n",
       "      <td>1.000000</td>\n",
       "    </tr>\n",
       "  </tbody>\n",
       "</table>\n",
       "</div>"
      ],
      "text/plain": [
       "                        Features_0  Features_1  Features_2  \\\n",
       "Features_0                1.000000   -0.362530   -0.303689   \n",
       "Features_1               -0.362530    1.000000    0.276505   \n",
       "Features_2               -0.303689    0.276505    1.000000   \n",
       "Actual Total Time (us)   -0.199813    0.320106    0.436484   \n",
       "Mul01                    -0.296083    0.986582    0.299380   \n",
       "Mul02                     0.531049   -0.072157    0.569509   \n",
       "Mul12                    -0.257402    0.932210    0.409370   \n",
       "Mul012                   -0.209052    0.911500    0.424928   \n",
       "\n",
       "                        Actual Total Time (us)     Mul01     Mul02     Mul12  \\\n",
       "Features_0                           -0.199813 -0.296083  0.531049 -0.257402   \n",
       "Features_1                            0.320106  0.986582 -0.072157  0.932210   \n",
       "Features_2                            0.436484  0.299380  0.569509  0.409370   \n",
       "Actual Total Time (us)                1.000000  0.269909  0.206183  0.331408   \n",
       "Mul01                                 0.269909  1.000000  0.004598  0.943185   \n",
       "Mul02                                 0.206183  0.004598  1.000000  0.072854   \n",
       "Mul12                                 0.331408  0.943185  0.072854  1.000000   \n",
       "Mul012                                0.298988  0.940496  0.133843  0.993217   \n",
       "\n",
       "                          Mul012  \n",
       "Features_0             -0.209052  \n",
       "Features_1              0.911500  \n",
       "Features_2              0.424928  \n",
       "Actual Total Time (us)  0.298988  \n",
       "Mul01                   0.940496  \n",
       "Mul02                   0.133843  \n",
       "Mul12                   0.993217  \n",
       "Mul012                  1.000000  "
      ]
     },
     "metadata": {},
     "output_type": "display_data"
    },
    {
     "name": "stdout",
     "output_type": "stream",
     "text": [
      "Hash\n"
     ]
    },
    {
     "data": {
      "text/plain": [
       "(1024, 9)"
      ]
     },
     "metadata": {},
     "output_type": "display_data"
    },
    {
     "data": {
      "text/html": [
       "<div>\n",
       "<style scoped>\n",
       "    .dataframe tbody tr th:only-of-type {\n",
       "        vertical-align: middle;\n",
       "    }\n",
       "\n",
       "    .dataframe tbody tr th {\n",
       "        vertical-align: top;\n",
       "    }\n",
       "\n",
       "    .dataframe thead th {\n",
       "        text-align: right;\n",
       "    }\n",
       "</style>\n",
       "<table border=\"1\" class=\"dataframe\">\n",
       "  <thead>\n",
       "    <tr style=\"text-align: right;\">\n",
       "      <th></th>\n",
       "      <th>Features_0</th>\n",
       "      <th>Features_1</th>\n",
